-2; -2; 0.630604; 0.0759249
-2; -1.9; 0.572203; 0.0811512
-2; -1.8; 0.503683; 0.0872719
-2; -1.7; 0.425098; 0.0917956
-2; -1.6; 0.336654; 0.0930064
-2; -1.5; 0.238745; 0.0901341
-2; -1.4; 0.131996; 0.083336
-2; -1.3; 0.0173113; 0.0735097
-2; -1.2; -0.104068; 0.0619971
-2; -1.1; -0.230522; 0.0502516
-2; -1; -0.360026; 0.0395455
-2; -0.9; -0.490157; 0.0307696
-2; -0.8; -0.618137; 0.0243547
-2; -0.7; -0.740927; 0.020305
-2; -0.6; -0.85537; 0.0183149
-2; -0.5; -0.958372; 0.0179204
-2; -0.4; -1.04712; 0.0186397
-2; -0.3; -1.11932; 0.0200688
-2; -0.2; -1.17339; 0.0219179
-2; -0.1; -1.20865; 0.0239989
-2; 6.38378e-16; -1.22547; 0.0261896
-2; 0.1; -1.22526; 0.0284056
-2; 0.2; -1.21044; 0.0306062
-2; 0.3; -1.18426; 0.0328385
-2; 0.4; -1.15054; 0.0353049
-2; 0.5; -1.11334; 0.0384219
-2; 0.6; -1.07657; 0.0428316
-2; 0.7; -1.04359; 0.0493409
-2; 0.8; -1.01685; 0.0587873
-2; 0.9; -0.997583; 0.0718565
-2; 1; -0.985655; 0.0888993
-2; 1.1; -0.97947; 0.109802
-2; 1.2; -0.976085; 0.133951
-2; 1.3; -0.971443; 0.160297
-2; 1.4; -0.960727; 0.187515
-2; 1.5; -0.938818; 0.214201
-2; 1.6; -0.900788; 0.239066
-2; 1.7; -0.842402; 0.261083
-2; 1.8; -0.760562; 0.279562
-2; 1.9; -0.65366; 0.294176
-1.9; -2; 0.620286; 0.0689526
-1.9; -1.9; 0.561386; 0.0743114
-1.9; -1.8; 0.492702; 0.0806309
-1.9; -1.7; 0.414363; 0.0854158
-1.9; -1.6; 0.326649; 0.0869504
-1.9; -1.5; 0.230014; 0.0844657
-1.9; -1.4; 0.125124; 0.0781171
-1.9; -1.3; 0.0129045; 0.0687941
-1.9; -1.2; -0.105412; 0.0578202
-1.9; -1.1; -0.228242; 0.0466209
-1.9; -1; -0.353627; 0.0364326
-1.9; -0.9; -0.479238; 0.0281075
-1.9; -0.8; -0.602422; 0.0220413
-1.9; -0.7; -0.720284; 0.0182132
-1.9; -0.6; -0.829829; 0.0163076
-1.9; -0.5; -0.928134; 0.0158678
-1.9; -0.4; -1.01256; 0.0164349
-1.9; -0.3; -1.08097; 0.017639
-1.9; -0.2; -1.13194; 0.0192286
-1.9; -0.1; -1.16492; 0.0210503
-1.9; 6.38378e-16; -1.18038; 0.0230067
-1.9; 0.1; -1.1798; 0.0250238
-1.9; 0.2; -1.16561; 0.0270564
-1.9; 0.3; -1.14108; 0.0291347
-1.9; 0.4; -1.10997; 0.0314365
-1.9; 0.5; -1.07626; 0.0343519
-1.9; 0.6; -1.04375; 0.0384996
-1.9; 0.7; -1.01565; 0.0446703
-1.9; 0.8; -0.994266; 0.0536932
-1.9; 0.9; -0.980645; 0.066253
-1.9; 1; -0.974455; 0.082706
-1.9; 1.1; -0.973914; 0.102949
-1.9; 1.2; -0.975893; 0.12638
-1.9; 1.3; -0.976161; 0.151968
-1.9; 1.4; -0.969751; 0.178407
-1.9; 1.5; -0.951416; 0.204317
-1.9; 1.6; -0.916136; 0.228433
-1.9; 1.7; -0.859617; 0.24975
-1.9; 1.8; -0.778742; 0.2676
-1.9; 1.9; -0.671919; 0.281668
-1.8; -2; 0.609747; 0.0624792
-1.8; -1.9; 0.550383; 0.0679396
-1.8; -1.8; 0.48158; 0.0744227
-1.8; -1.7; 0.403549; 0.0794322
-1.8; -1.6; 0.316644; 0.0812545
-1.8; -1.5; 0.221379; 0.0791239
-1.8; -1.4; 0.118463; 0.073195
-1.8; -1.3; 0.00883933; 0.0643494
-1.8; -1.2; -0.106266; 0.0538927
-1.8; -1.1; -0.225308; 0.0432225
-1.8; -1; -0.346397; 0.0335389
-1.8; -0.9; -0.467305; 0.0256556
-1.8; -0.8; -0.585504; 0.0199331
-1.8; -0.7; -0.69825; 0.0163257
-1.8; -0.6; -0.802715; 0.0145075
-1.8; -0.5; -0.896155; 0.0140286
-1.8; -0.4; -0.976106; 0.0144525
-1.8; -0.3; -1.0406; 0.0154424
-1.8; -0.2; -1.08837; 0.0167842
-1.8; -0.1; -1.11901; 0.0183585
-1.8; 6.38378e-16; -1.13307; 0.0200916
-1.8; 0.1; -1.1321; 0.0219199
-1.8; 0.2; -1.11858; 0.0237934
-1.8; 0.3; -1.09575; 0.0257255
-1.8; 0.4; -1.06733; 0.0278697
-1.8; 0.5; -1.03723; 0.0305896
-1.8; 0.6; -1.0091; 0.0344804
-1.8; 0.7; -0.986044; 0.0403157
-1.8; 0.8; -0.970161; 0.0489153
-1.8; 0.9; -0.962333; 0.0609617
-1.8; 1; -0.962033; 0.0768156
-1.8; 1.1; -0.96728; 0.0963824
-1.8; 1.2; -0.97476; 0.119074
-1.8; 1.3; -0.980066; 0.143877
-1.8; 1.4; -0.978077; 0.169506
-1.8; 1.5; -0.963422; 0.194606
-1.8; 1.6; -0.930987; 0.217939
-1.8; 1.7; -0.876421; 0.238525
-1.8; 1.8; -0.796588; 0.255717
-1.8; 1.9; -0.689918; 0.269217
-1.7; -2; 0.599; 0.0565175
-1.7; -1.9; 0.539206; 0.0620474
-1.7; -1.8; 0.470332; 0.0686573
-1.7; -1.7; 0.392672; 0.0738527
-1.7; -1.6; 0.306655; 0.0759246
-1.7; -1.5; 0.212855; 0.074112
-1.7; -1.4; 0.112025; 0.0685703
-1.7; -1.3; 0.00512833; 0.0601735
-1.7; -1.2; -0.106619; 0.05021
-1.7; -1.1; -0.221712; 0.040049
-1.7; -1; -0.338333; 0.0308548
-1.7; -0.9; -0.454357; 0.0234026
-1.7; -0.8; -0.567386; 0.0180176
-1.7; -0.7; -0.674833; 0.014629
-1.7; -0.6; -0.774042; 0.0129008
-1.7; -0.5; -0.86245; 0.0123891
-1.7; -0.4; -0.937779; 0.0126792
-1.7; -0.3; -0.998237; 0.0134665
-1.7; -0.2; -1.04271; 0.0145731
-1.7; -0.1; -1.07093; 0.0159123
-1.7; 6.38378e-16; -1.08355; 0.0174338
-1.7; 0.1; -1.0822; 0.0190835
-1.7; 0.2; -1.06937; 0.0208071
-1.7; 0.3; -1.04831; 0.0226011
-1.7; 0.4; -1.02267; 0.0245951
-1.7; 0.5; -0.996271; 0.0271263
-1.7; 0.6; -0.972666; 0.0307662
-1.7; 0.7; -0.954775; 0.0362707
-1.7; 0.8; -0.944542; 0.0444488
-1.7; 0.9; -0.942656; 0.0559801
-1.7; 1; -0.948389; 0.0712279
-1.7; 1.1; -0.959566; 0.090106
-1.7; 1.2; -0.972678; 0.112039
-1.7; 1.3; -0.983144; 0.136032
-1.7; 1.4; -0.98569; 0.160823
-1.7; 1.5; -0.974817; 0.185081
-1.7; 1.6; -0.94532; 0.207599
-1.7; 1.7; -0.892792; 0.227424
-1.7; 1.8; -0.814079; 0.243934
-1.7; 1.9; -0.707634; 0.256844
-1.6; -2; 0.58806; 0.0510796
-1.6; -1.9; 0.527871; 0.0566455
-1.6; -1.8; 0.458975; 0.0633439
-1.6; -1.7; 0.381749; 0.0686846
-1.6; -1.6; 0.296697; 0.0709659
-1.6; -1.5; 0.204458; 0.069433
-1.6; -1.4; 0.105826; 0.0642433
-1.6; -1.3; 0.0017834; 0.0562644
-1.6; -1.2; -0.106463; 0.0467672
-1.6; -1.1; -0.217449; 0.0370932
-1.6; -1; -0.329433; 0.028371
-1.6; -0.9; -0.440395; 0.0213371
-1.6; -0.8; -0.548075; 0.0162819
-1.6; -0.7; -0.650044; 0.0131097
-1.6; -0.6; -0.743824; 0.0114736
-1.6; -0.5; -0.827041; 0.0109358
-1.6; -0.4; -0.897604; 0.0111019
-1.6; -0.3; -0.953902; 0.0116987
-1.6; -0.2; -0.994987; 0.012583
-1.6; -0.1; -1.02072; 0.0137002
-1.6; 6.38378e-16; -1.03187; 0.015022
-1.6; 0.1; -1.03013; 0.0165038
-1.6; 0.2; -1.01803; 0.0180867
-1.6; 0.3; -0.998782; 0.019751
-1.6; 0.4; -0.976009; 0.0216025
-1.6; 0.5; -0.953425; 0.0239523
-1.6; 0.6; -0.934456; 0.0273484
-1.6; 0.7; -0.921868; 0.032528
-1.6; 0.8; -0.917425; 0.0402885
-1.6; 0.9; -0.921622; 0.0513049
-1.6; 1; -0.933529; 0.0659421
-1.6; 1.1; -0.95077; 0.0841213
-1.6; 1.2; -0.969642; 0.10528
-1.6; 1.3; -0.985386; 0.128441
-1.6; 1.4; -0.992575; 0.152366
-1.6; 1.5; -0.985584; 0.175755
-1.6; 1.6; -0.959116; 0.197428
-1.6; 1.7; -0.908709; 0.216465
-1.6; 1.8; -0.831194; 0.232268
-1.6; 1.9; -0.725046; 0.244569
-1.5; -2; 0.576942; 0.046176
-1.5; -1.9; 0.516394; 0.0517434
-1.5; -1.8; 0.447524; 0.0584906
-1.5; -1.7; 0.370795; 0.0639346
-1.5; -1.6; 0.286787; 0.066383
-1.5; -1.5; 0.196201; 0.0650894
-1.5; -1.4; 0.0998776; 0.0602143
-1.5; -1.3; -0.00118406; 0.0526197
-1.5; -1.2; -0.105788; 0.0435596
-1.5; -1.1; -0.212514; 0.0343479
-1.5; -1; -0.319696; 0.026078
-1.5; -0.9; -0.425424; 0.019448
-1.5; -0.8; -0.527579; 0.0147137
-1.5; -0.7; -0.623896; 0.0117543
-1.5; -0.6; -0.712081; 0.0102123
-1.5; -0.5; -0.789951; 0.00965474
-1.5; -0.4; -0.85561; 0.00970719
-1.5; -0.3; -0.907631; 0.010126
-1.5; -0.2; -0.945234; 0.0108017
-1.5; -0.1; -0.968421; 0.0117102
-1.5; 6.38378e-16; -0.97807; 0.0128447
-1.5; 0.1; -0.975939; 0.0141694
-1.5; 0.2; -0.96459; 0.015621
-1.5; 0.3; -0.947217; 0.017164
-1.5; 0.4; -0.927388; 0.0188811
-1.5; 0.5; -0.908718; 0.0210577
-1.5; 0.6; -0.894503; 0.0242179
-1.5; 0.7; -0.887346; 0.0290798
-1.5; 0.8; -0.888828; 0.0364284
-1.5; 0.9; -0.899245; 0.0469323
-1.5; 1; -0.917461; 0.0609569
-1.5; 1.1; -0.940894; 0.0784295
-1.5; 1.2; -0.965647; 0.0988003
-1.5; 1.3; -0.986784; 0.12111
-1.5; 1.4; -0.99872; 0.144147
-1.5; 1.5; -0.995707; 0.166639
-1.5; 1.6; -0.972355; 0.187442
-1.5; 1.7; -0.924151; 0.205665
-1.5; 1.8; -0.847911; 0.220738
-1.5; 1.9; -0.742132; 0.232413
-1.4; -2; 0.56566; 0.0418164
-1.4; -1.9; 0.504791; 0.0473498
-1.4; -1.8; 0.435997; 0.0541048
-1.4; -1.7; 0.359827; 0.0596084
-1.4; -1.6; 0.27694; 0.0621799
-1.4; -1.5; 0.188102; 0.0610832
-1.4; -1.4; 0.0941941; 0.0564832
-1.4; -1.3; -0.00376324; 0.0492369
-1.4; -1.2; -0.104587; 0.0405822
-1.4; -1.1; -0.206902; 0.0318061
-1.4; -1; -0.309121; 0.0239666
-1.4; -0.9; -0.409449; 0.0177244
-1.4; -0.8; -0.505909; 0.0133007
-1.4; -0.7; -0.596406; 0.0105499
-1.4; -0.6; -0.678833; 0.00910328
-1.4; -0.5; -0.751206; 0.00853256
-1.4; -0.4; -0.811827; 0.00848175
-1.4; -0.3; -0.85946; 0.0087356
-1.4; -0.2; -0.893492; 0.00921682
-1.4; -0.1; -0.914073; 0.00993027
-1.4; 6.38378e-16; -0.922188; 0.0108899
-1.4; 0.1; -0.919666; 0.0120686
-1.4; 0.2; -0.909095; 0.0133983
-1.4; 0.3; -0.893653; 0.0148286
-1.4; 0.4; -0.876846; 0.0164197
-1.4; 0.5; -0.862188; 0.0184318
-1.4; 0.6; -0.852839; 0.021365
-1.4; 0.7; -0.851237; 0.025918
-1.4; 0.8; -0.858773; 0.0328619
-1.4; 0.9; -0.87554; 0.0428581
-1.4; 1; -0.900192; 0.0562705
-1.4; 1.1; -0.929941; 0.0730317
-1.4; 1.2; -0.960693; 0.0926037
-1.4; 1.3; -0.987329; 0.114047
-1.4; 1.4; -1.00411; 0.136174
-1.4; 1.5; -1.00517; 0.157746
-1.4; 1.6; -0.98502; 0.177654
-1.4; 1.7; -0.939098; 0.195041
-1.4; 1.8; -0.864208; 0.209365
-1.4; 1.9; -0.758873; 0.220397
-1.3; -2; 0.55423; 0.038009
-1.3; -1.9; 0.493077; 0.043472
-1.3; -1.8; 0.424409; 0.0501929
-1.3; -1.7; 0.348862; 0.0557111
-1.3; -1.6; 0.267173; 0.0583602
-1.3; -1.5; 0.180173; 0.0574161
-1.3; -1.4; 0.0887883; 0.0530495
-1.3; -1.3; -0.00594394; 0.0461135
-1.3; -1.2; -0.102853; 0.0378305
-1.3; -1.1; -0.200611; 0.0294608
-1.3; -1; -0.297712; 0.0220281
-1.3; -0.9; -0.392478; 0.0161557
-1.3; -0.8; -0.483078; 0.012031
-1.3; -0.7; -0.567592; 0.00948355
-1.3; -0.6; -0.644106; 0.00813339
-1.3; -0.5; -0.710838; 0.00755591
-1.3; -0.4; -0.766292; 0.00741247
-1.3; -0.3; -0.809427; 0.00751468
-1.3; -0.2; -0.839806; 0.00781572
-1.3; -0.1; -0.857723; 0.00834821
-1.3; 6.38378e-16; -0.864275; 0.00914576
-1.3; 0.1; -0.861361; 0.0101892
-1.3; 0.2; -0.851595; 0.0114067
-1.3; 0.3; -0.838136; 0.0127331
-1.3; 0.4; -0.824426; 0.0142067
-1.3; 0.5; -0.813875; 0.0160635
-1.3; 0.6; -0.8095; 0.0187796
-1.3; 0.7; -0.81357; 0.0230337
-1.3; 0.8; -0.827282; 0.0295822
-1.3; 0.9; -0.850524; 0.0390774
-1.3; 1; -0.881735; 0.0518806
-1.3; 1.1; -0.917917; 0.0679284
-1.3; 1.2; -0.954777; 0.0866939
-1.3; 1.3; -0.987016; 0.107257
-1.3; 1.4; -1.00874; 0.128457
-1.3; 1.5; -1.01396; 0.149089
-1.3; 1.6; -0.997091; 0.16808
-1.3; 1.7; -0.95353; 0.18461
-1.3; 1.8; -0.880065; 0.198167
-1.3; 1.9; -0.775246; 0.208544
-1.2; -2; 0.542667; 0.0347609
-1.2; -1.9; 0.48127; 0.0401166
-1.2; -1.8; 0.412778; 0.0467603
-1.2; -1.7; 0.337916; 0.0522471
-1.2; -1.6; 0.257502; 0.0549269
-1.2; -1.5; 0.17243; 0.0540895
-1.2; -1.4; 0.0836726; 0.0499129
-1.2; -1.3; -0.00771663; 0.0432471
-1.2; -1.2; -0.100581; 0.0352998
-1.2; -1.1; -0.193639; 0.0273054
-1.2; -1; -0.285472; 0.0202539
-1.2; -0.9; -0.374519; 0.0147318
-1.2; -0.8; -0.459101; 0.0108932
-1.2; -0.7; -0.537476; 0.00854303
-1.2; -0.6; -0.607927; 0.00728981
-1.2; -0.5; -0.668878; 0.00671181
-1.2; -0.4; -0.719044; 0.00648645
-1.2; -0.3; -0.757578; 0.00645053
-1.2; -0.2; -0.784223; 0.006586
-1.2; -0.1; -0.799422; 0.00695171
-1.2; 6.38378e-16; -0.804383; 0.0075999
-1.2; 0.1; -0.801077; 0.00851921
-1.2; 0.2; -0.792143; 0.00963397
-1.2; 0.3; -0.780717; 0.0108651
-1.2; 0.4; -0.770176; 0.0122303
-1.2; 0.5; -0.763821; 0.0139414
-1.2; 0.6; -0.764524; 0.0164513
-1.2; 0.7; -0.774378; 0.020418
-1.2; 0.8; -0.794384; 0.026582
-1.2; 0.9; -0.824217; 0.0355852
-1.2; 1; -0.862103; 0.0477848
-1.2; 1.1; -0.904828; 0.0631197
-1.2; 1.2; -0.9479; 0.081074
-1.2; 1.3; -0.985839; 0.100746
-1.2; 1.4; -1.0126; 0.121005
-1.2; 1.5; -1.02205; 0.140679
-1.2; 1.6; -1.00855; 0.158735
-1.2; 1.7; -0.967428; 0.17439
-1.2; 1.8; -0.895462; 0.187165
-1.2; 1.9; -0.791232; 0.196874
-1.1; -2; 0.530988; 0.0320779
-1.1; -1.9; 0.469386; 0.0372886
-1.1; -1.8; 0.401122; 0.0438117
-1.1; -1.7; 0.327008; 0.04922
-1.1; -1.6; 0.247942; 0.0518824
-1.1; -1.5; 0.164888; 0.0511045
-1.1; -1.4; 0.0788591; 0.0470727
-1.1; -1.3; -0.00907243; 0.0406352
-1.1; -1.2; -0.0977645; 0.0329858
-1.1; -1.1; -0.185987; 0.0253336
-1.1; -1; -0.272406; 0.0186358
-1.1; -0.9; -0.355583; 0.013443
-1.1; -0.8; -0.433995; 0.00987634
-1.1; -0.7; -0.506082; 0.00771652
-1.1; -0.6; -0.570326; 0.00656019
-1.1; -0.5; -0.625365; 0.0059877
-1.1; -0.4; -0.670124; 0.00569112
-1.1; -0.3; -0.70396; 0.0055307
-1.1; -0.2; -0.726795; 0.00551531
-1.1; -0.1; -0.739223; 0.0057285
-1.1; 6.38378e-16; -0.742569; 0.00624009
-1.1; 0.1; -0.738871; 0.00704617
-1.1; 0.2; -0.730795; 0.00806763
-1.1; 0.3; -0.721451; 0.00921232
-1.1; 0.4; -0.714149; 0.0104782
-1.1; 0.5; -0.712075; 0.0120541
-1.1; 0.6; -0.717953; 0.0143694
-1.1; 0.7; -0.733698; 0.0180615
-1.1; 0.8; -0.760108; 0.0238538
-1.1; 0.9; -0.796643; 0.0323762
-1.1; 1; -0.841311; 0.04398
-1.1; 1.1; -0.890683; 0.0586057
-1.1; 1.2; -0.940064; 0.0757468
-1.1; 1.3; -0.983795; 0.0945215
-1.1; 1.4; -1.01567; 0.113827
-1.1; 1.5; -1.02945; 0.132529
-1.1; 1.6; -1.01939; 0.149633
-1.1; 1.7; -0.980773; 0.164398
-1.1; 1.8; -0.910379; 0.176378
-1.1; 1.9; -0.80681; 0.185411
-1; -2; 0.519209; 0.0299643
-1; -1.9; 0.457443; 0.0349923
-1; -1.8; 0.389456; 0.0413506
-1; -1.7; 0.316152; 0.0466326
-1; -1.6; 0.238511; 0.0492286
-1; -1.5; 0.15756; 0.0484617
-1; -1.4; 0.0743593; 0.0445282
-1; -1.3; -0.0100032; 0.0382755
-1; -1.2; -0.0944009; 0.0308842
-1; -1.1; -0.177655; 0.0235396
-1; -1; -0.258521; 0.0171664
-1; -0.9; -0.335685; 0.0122802
-1; -0.8; -0.407781; 0.00897016
-1; -0.7; -0.473436; 0.00699281
-1; -0.6; -0.531337; 0.00593276
-1; -0.5; -0.580338; 0.00537151
-1; -0.4; -0.619579; 0.0050143
-1; -0.3; -0.648623; 0.00474302
-1; -0.2; -0.667576; 0.00459153
-1; -0.1; -0.677186; 0.00466645
-1; 6.38378e-16; -0.678893; 0.00505412
-1; 0.1; -0.674805; 0.00575778
-1; 0.2; -0.667611; 0.00669527
-1; 0.3; -0.660397; 0.00776235
-1; 0.4; -0.656398; 0.00893833
-1; 0.5; -0.658686; 0.0103897
-1; 0.6; -0.669833; 0.0125232
-1; 0.7; -0.691568; 0.0159547
-1; 0.8; -0.724485; 0.0213897
-1; 0.9; -0.767827; 0.0294447
-1; 1; -0.819377; 0.0404633
-1; 1.1; -0.875493; 0.0543859
-1; 1.2; -0.931275; 0.0707151
-1; 1.3; -0.980881; 0.0885882
-1; 1.4; -1.01795; 0.106932
-1; 1.5; -1.03613; 0.12465
-1; 1.6; -1.02958; 0.14079
-1; 1.7; -0.993547; 0.154653
-1; 1.8; -0.924795; 0.165827
-1; 1.9; -0.82196; 0.174175
-0.9; -2; 0.507346; 0.0284235
-0.9; -1.9; 0.445457; 0.0332307
-0.9; -1.8; 0.377799; 0.0393797
-0.9; -1.7; 0.305367; 0.0444873
-0.9; -1.6; 0.229223; 0.046967
-0.9; -1.5; 0.150461; 0.0461616
-0.9; -1.4; 0.0701843; 0.0422786
-0.9; -1.3; -0.0105015; 0.0361656
-0.9; -1.2; -0.0904869; 0.0289914
-0.9; -1.1; -0.168646; 0.0219178
-0.9; -1; -0.243825; 0.0158385
-0.9; -0.9; -0.314838; 0.011235
-0.9; -0.8; -0.380481; 0.00816502
-0.9; -0.7; -0.439568; 0.00636142
-0.9; -0.6; -0.490996; 0.00539641
-0.9; -0.5; -0.533839; 0.00485176
-0.9; -0.4; -0.567458; 0.00444433
-0.9; -0.3; -0.591623; 0.00407572
-0.9; -0.2; -0.606627; 0.00380282
-0.9; -0.1; -0.613374; 0.0037536
-0.9; 6.38378e-16; -0.61342; 0.00402988
-0.9; 0.1; -0.608944; 0.00464176
-0.9; 0.2; -0.602656; 0.00550449
-0.9; 0.3; -0.597616; 0.00650275
-0.9; 0.4; -0.596983; 0.00759837
-0.9; 0.5; -0.60371; 0.0089366
-0.9; 0.6; -0.620212; 0.0109018
-0.9; 0.7; -0.64803; 0.0140881
-0.9; 0.8; -0.687551; 0.019182
-0.9; 0.9; -0.737794; 0.0267849
-0.9; 1; -0.796321; 0.0372312
-0.9; 1.1; -0.859269; 0.0504597
-0.9; 1.2; -0.921536; 0.0659811
-0.9; 1.3; -0.977097; 0.0829519
-0.9; 1.4; -1.01944; 0.100329
-0.9; 1.5; -1.04208; 0.117054
-0.9; 1.6; -1.03912; 0.13222
-0.9; 1.7; -1.00573; 0.145171
-0.9; 1.8; -0.938692; 0.155531
-0.9; 1.9; -0.836662; 0.163189
-0.8; -2; 0.495417; 0.0274573
-0.8; -1.9; 0.433447; 0.0320056
-0.8; -1.8; 0.366169; 0.0379007
-0.8; -1.7; 0.294669; 0.0427853
-0.8; -1.6; 0.220094; 0.0450985
-0.8; -1.5; 0.143603; 0.0442042
-0.8; -1.4; 0.0663445; 0.040323
-0.8; -1.3; -0.0105608; 0.0343036
-0.8; -1.2; -0.0860207; 0.0273038
-0.8; -1.1; -0.158964; 0.0204633
-0.8; -1; -0.228329; 0.0146458
-0.8; -0.9; -0.29306; 0.0102997
-0.8; -0.8; -0.352117; 0.0074521
-0.8; -0.7; -0.404508; 0.00581258
-0.8; -0.6; -0.449342; 0.00494074
-0.8; -0.5; -0.485916; 0.00441761
-0.8; -0.4; -0.513813; 0.0039701
-0.8; -0.3; -0.533017; 0.0035175
-0.8; -0.2; -0.54401; 0.00313769
-0.8; -0.1; -0.547853; 0.00297829
-0.8; 6.38378e-16; -0.546218; 0.0031555
-0.8; 0.1; -0.541356; 0.00368601
-0.8; 0.2; -0.535999; 0.00448301
-0.8; 0.3; -0.533175; 0.0054212
-0.8; 0.4; -0.535966; 0.0064462
-0.8; 0.5; -0.547204; 0.00768312
-0.8; 0.6; -0.569141; 0.00949427
-0.8; 0.7; -0.603129; 0.012452
-0.8; 0.8; -0.649342; 0.0172226
-0.8; 0.9; -0.706577; 0.024391
-0.8; 1; -0.772166; 0.0342804
-0.8; 1.1; -0.842028; 0.0468265
-0.8; 1.2; -0.910855; 0.0615472
-0.8; 1.3; -0.972443; 0.0776178
-0.8; 1.4; -1.02013; 0.0940254
-0.8; 1.5; -1.0473; 0.109753
-0.8; 1.6; -1.04798; 0.123939
-0.8; 1.7; -1.01731; 0.13597
-0.8; 1.8; -0.952052; 0.14551
-0.8; 1.9; -0.850898; 0.152475
-0.7; -2; 0.483439; 0.0270662
-0.7; -1.9; 0.421429; 0.0313177
-0.7; -1.8; 0.354581; 0.0369145
-0.7; -1.7; 0.284076; 0.0415273
-0.7; -1.6; 0.21114; 0.0436235
-0.7; -1.5; 0.137; 0.0425896
-0.7; -1.4; 0.06285; 0.0386605
-0.7; -1.3; -0.0101752; 0.0326874
-0.7; -1.2; -0.0810013; 0.0258183
-0.7; -1.1; -0.148613; 0.0191717
-0.7; -1; -0.212043; 0.0135825
-0.7; -0.9; -0.270369; 0.00946733
-0.7; -0.8; -0.322718; 0.00682335
-0.7; -0.7; -0.368291; 0.0053374
-0.7; -0.6; -0.406416; 0.00455616
-0.7; -0.5; -0.436616; 0.00405897
-0.7; -0.4; -0.458701; 0.00358115
-0.7; -0.3; -0.472867; 0.00305762
-0.7; -0.2; -0.479791; 0.00258515
-0.7; -0.1; -0.480692; 0.00232925
-0.7; 6.38378e-16; -0.47736; 0.00241941
-0.7; 0.1; -0.472116; 0.00287867
-0.7; 0.2; -0.467711; 0.00361878
-0.7; 0.3; -0.467143; 0.00450558
-0.7; 0.4; -0.473413; 0.00546989
-0.7; 0.5; -0.489228; 0.00661776
-0.7; 0.6; -0.516675; 0.00829008
-0.7; 0.7; -0.556914; 0.0110371
-0.7; 0.8; -0.609901; 0.0155038
-0.7; 0.9; -0.674206; 0.0222571
-0.7; 1; -0.746935; 0.0316073
-0.7; 1.1; -0.823784; 0.0434854
-0.7; 1.2; -0.899242; 0.0574154
-0.7; 1.3; -0.966921; 0.0725911
-0.7; 1.4; -1.02001; 0.0880308
-0.7; 1.5; -1.05178; 0.102759
-0.7; 1.6; -1.05616; 0.115959
-0.7; 1.7; -1.02827; 0.127067
-0.7; 1.8; -0.964855; 0.135785
-0.7; 1.9; -0.864649; 0.142055
-0.6; -2; 0.471429; 0.0272496
-0.6; -1.9; 0.409421; 0.0311667
-0.6; -1.8; 0.343055; 0.0364209
-0.6; -1.7; 0.273603; 0.0407135
-0.6; -1.6; 0.202375; 0.0425419
-0.6; -1.5; 0.130665; 0.0413174
-0.6; -1.4; 0.0597098; 0.0372902
-0.6; -1.3; -0.00933968; 0.0313155
-0.6; -1.2; -0.0754292; 0.0245322
-0.6; -1.1; -0.1376; 0.0180392
-0.6; -1; -0.194982; 0.0126438
-0.6; -0.9; -0.246787; 0.00873174
-0.6; -0.8; -0.292311; 0.00627165
-0.6; -0.7; -0.330954; 0.00492786
-0.6; -0.6; -0.362264; 0.00423395
-0.6; -0.5; -0.385992; 0.00376656
-0.6; -0.4; -0.402179; 0.00326773
-0.6; -0.3; -0.41124; 0.00268594
-0.6; -0.2; -0.414042; 0.00213469
-0.6; -0.1; -0.411967; 0.0017956
-0.6; 6.38378e-16; -0.406921; 0.00181039
-0.6; 0.1; -0.401298; 0.00220824
-0.6; 0.2; -0.397867; 0.00290005
-0.6; 0.3; -0.399594; 0.00374409
-0.6; 0.4; -0.409394; 0.00465777
-0.6; 0.5; -0.429847; 0.00572931
-0.6; 0.6; -0.462873; 0.00727875
-0.6; 0.7; -0.509433; 0.00983394
-0.6; 0.8; -0.569267; 0.0140178
-0.6; 0.9; -0.640716; 0.0203773
-0.6; 1; -0.720654; 0.0292083
-0.6; 1.1; -0.804556; 0.0404354
-0.6; 1.2; -0.886706; 0.0535876
-0.6; 1.3; -0.960535; 0.0678768
-0.6; 1.4; -1.01908; 0.0823527
-0.6; 1.5; -1.0555; 0.0960817
-0.6; 1.6; -1.06365; 0.108296
-0.6; 1.7; -1.03859; 0.118479
-0.6; 1.8; -0.977086; 0.126374
-0.6; 1.9; -0.877896; 0.13195
-0.5; -2; 0.459403; 0.0280054
-0.5; -1.9; 0.397441; 0.0315511
-0.5; -1.8; 0.331608; 0.0364188
-0.5; -1.7; 0.263268; 0.0403432
-0.5; -1.6; 0.193814; 0.0418533
-0.5; -1.5; 0.12461; 0.0403869
-0.5; -1.4; 0.0569329; 0.0362113
-0.5; -1.3; -0.00805016; 0.0301863
-0.5; -1.2; -0.0693054; 0.0234433
-0.5; -1.1; -0.125933; 0.0170627
-0.5; -1; -0.17716; 0.0118253
-0.5; -0.9; -0.222335; 0.00808773
-0.5; -0.8; -0.260926; 0.00579079
-0.5; -0.7; -0.292536; 0.00457688
-0.5; -0.6; -0.316932; 0.0039663
-0.5; -0.5; -0.334099; 0.00353193
-0.5; -0.4; -0.344312; 0.00302088
-0.5; -0.3; -0.348202; 0.00239301
-0.5; -0.2; -0.346835; 0.00177643
-0.5; -0.1; -0.341752; 0.00136704
-0.5; 6.38378e-16; -0.334981; 0.00131772
-0.5; 0.1; -0.328985; 0.00166362
-0.5; 0.2; -0.326548; 0.0023155
-0.5; 0.3; -0.330603; 0.00312529
-0.5; 0.4; -0.343981; 0.00399855
-0.5; 0.5; -0.369127; 0.00500689
-0.5; 0.6; -0.407794; 0.00645013
-0.5; 0.7; -0.460741; 0.0088336
-0.5; 0.8; -0.527488; 0.012757
-0.5; 0.9; -0.606144; 0.018746
-0.5; 1; -0.693352; 0.02708
-0.5; 1.1; -0.784364; 0.0376756
-0.5; 1.2; -0.873259; 0.0500656
-0.5; 1.3; -0.953289; 0.0634797
-0.5; 1.4; -1.01734; 0.0769991
-0.5; 1.5; -1.05846; 0.0897333
-0.5; 1.6; -1.07042; 0.100964
-0.5; 1.7; -1.04826; 0.110223
-0.5; 1.8; -0.988728; 0.117296
-0.5; 1.9; -0.890623; 0.122182
-0.4; -2; 0.44738; 0.0293303
-0.4; -1.9; 0.385507; 0.0324682
-0.4; -1.8; 0.320256; 0.0369064
-0.4; -1.7; 0.253086; 0.0404149
-0.4; -1.6; 0.185473; 0.0415566
-0.4; -1.5; 0.118845; 0.0397976
-0.4; -1.4; 0.054527; 0.0354229
-0.4; -1.3; -0.00630336; 0.0292986
-0.4; -1.2; -0.0626325; 0.0225499
-0.4; -1.1; -0.11362; 0.0162395
-0.4; -1; -0.158592; 0.0111236
-0.4; -0.9; -0.197037; 0.00753096
-0.4; -0.8; -0.228597; 0.00537553
-0.4; -0.7; -0.253077; 0.00427841
-0.4; -0.6; -0.270469; 0.00374637
-0.4; -0.5; -0.280995; 0.00334759
-0.4; -0.4; -0.285162; 0.00283246
-0.4; -0.3; -0.283825; 0.00217015
-0.4; -0.2; -0.278246; 0.00150112
-0.4; -0.1; -0.27013; 0.00103383
-0.4; 6.38378e-16; -0.261623; 0.000931207
-0.4; 0.1; -0.255257; 0.00123424
-0.4; 0.2; -0.253835; 0.00185427
-0.4; 0.3; -0.260251; 0.00263826
-0.4; 0.4; -0.277248; 0.00348142
-0.4; 0.5; -0.307139; 0.00444008
-0.4; 0.6; -0.351501; 0.00579453
-0.4; 0.7; -0.410893; 0.00802736
-0.4; 0.8; -0.48461; 0.0117142
-0.4; 0.9; -0.570528; 0.0173576
-0.4; 1; -0.665058; 0.0252189
-0.4; 1.1; -0.763229; 0.0352049
-0.4; 1.2; -0.858914; 0.0468511
-0.4; 1.3; -0.945189; 0.0594044
-0.4; 1.4; -1.01479; 0.0719777
-0.4; 1.5; -1.06065; 0.0837244
-0.4; 1.6; -1.07648; 0.0939767
-0.4; 1.7; -1.05727; 0.102316
-0.4; 1.8; -0.999764; 0.108572
-0.4; 1.9; -0.902811; 0.112773
-0.3; -2; 0.435377; 0.0312199
-0.3; -1.9; 0.373635; 0.0339144
-0.3; -1.8; 0.309017; 0.0378808
-0.3; -1.7; 0.243073; 0.0409266
-0.3; -1.6; 0.177364; 0.0416506
-0.3; -1.5; 0.113384; 0.0395483
-0.3; -1.4; 0.0524994; 0.0349242
-0.3; -1.3; -0.00409689; 0.0286517
-0.3; -1.2; -0.0554139; 0.0218505
-0.3; -1.1; -0.100672; 0.0155678
-0.3; -1; -0.139298; 0.0105363
-0.3; -0.9; -0.170921; 0.00705808
-0.3; -0.8; -0.195358; 0.00502169
-0.3; -0.7; -0.212621; 0.00402742
-0.3; -0.6; -0.222929; 0.00356836
-0.3; -0.5; -0.22674; 0.00320697
-0.3; -0.4; -0.224799; 0.00269524
-0.3; -0.3; -0.218184; 0.00200946
-0.3; -0.2; -0.208356; 0.00130029
-0.3; -0.1; -0.197184; 0.000786898
-0.3; 6.38378e-16; -0.186933; 0.000641276
-0.3; 0.1; -0.180203; 0.000910115
-0.3; 0.2; -0.179814; 0.0015061
-0.3; 0.3; -0.188621; 0.00227262
-0.3; 0.4; -0.209276; 0.00309611
-0.3; 0.5; -0.243955; 0.00401899
-0.3; 0.6; -0.294062; 0.0053027
-0.3; 0.7; -0.359948; 0.00740698
-0.3; 0.8; -0.440683; 0.0108824
-0.3; 0.9; -0.53391; 0.0162069
-0.3; 1; -0.635805; 0.0236216
-0.3; 1.1; -0.741174; 0.0330224
-0.3; 1.2; -0.843688; 0.0439458
-0.3; 1.3; -0.936242; 0.0556554
-0.3; 1.4; -1.01143; 0.067296
-0.3; 1.5; -1.06207; 0.0780653
-0.3; 1.6; -1.08181; 0.087347
-0.3; 1.7; -1.06559; 0.0947741
-0.3; 1.8; -1.01018; 0.100219
-0.3; 1.9; -0.914445; 0.103743
-0.2; -2; 0.42341; 0.0336683
-0.2; -1.9; 0.361844; 0.0358849
-0.2; -1.8; 0.297908; 0.0393383
-0.2; -1.7; 0.233246; 0.0418757
-0.2; -1.6; 0.169501; 0.0421335
-0.2; -1.5; 0.108235; 0.039638
-0.2; -1.4; 0.0508567; 0.0347145
-0.2; -1.3; -0.00142926; 0.0282448
-0.2; -1.2; -0.0476542; 0.0213446
-0.2; -1.1; -0.0870998; 0.0150466
-0.2; -1; -0.119296; 0.0100616
-0.2; -0.9; -0.144013; 0.00666668
-0.2; -0.8; -0.161246; 0.00472608
-0.2; -0.7; -0.171213; 0.00381994
-0.2; -0.6; -0.174364; 0.00342751
-0.2; -0.5; -0.171397; 0.00310454
-0.2; -0.4; -0.163292; 0.00260293
-0.2; -0.3; -0.151355; 0.00190392
-0.2; -0.2; -0.137247; 0.00116621
-0.2; -0.1; -0.123; 0.000617908
-0.2; 6.38378e-16; -0.110998; 0.000439036
-0.2; 0.1; -0.103912; 0.000681914
-0.2; 0.2; -0.104573; 0.00126137
-0.2; 0.3; -0.115797; 0.00201863
-0.2; 0.4; -0.140144; 0.00283301
-0.2; 0.5; -0.179651; 0.00373435
-0.2; 0.6; -0.235543; 0.00496598
-0.2; 0.7; -0.307964; 0.00696469
-0.2; 0.8; -0.395759; 0.0102549
-0.2; 0.9; -0.496332; 0.0152887
-0.2; 1; -0.605626; 0.0222852
-0.2; 1.1; -0.718225; 0.0311271
-0.2; 1.2; -0.827596; 0.0413512
-0.2; 1.3; -0.926459; 0.052237
-0.2; 1.4; -1.00726; 0.0629613
-0.2; 1.5; -1.06272; 0.0727664
-0.2; 1.6; -1.0864; 0.0810884
-0.2; 1.7; -1.07323; 0.0876126
-0.2; 1.8; -1.01996; 0.0922566
-0.2; 1.9; -0.925509; 0.0951118
-0.1; -2; 0.411498; 0.0366685
-0.1; -1.9; 0.350151; 0.0383738
-0.1; -1.8; 0.286945; 0.0412744
-0.1; -1.7; 0.223619; 0.0432589
-0.1; -1.6; 0.161898; 0.043003
-0.1; -1.5; 0.10341; 0.0400653
-0.1; -1.4; 0.0496046; 0.0347931
-0.1; -1.3; 0.00170007; 0.0280776
-0.1; -1.2; -0.0393591; 0.0210318
-0.1; -1.1; -0.0729171; 0.0146753
-0.1; -1; -0.0986076; 0.00969864
-0.1; -0.9; -0.116343; 0.00635535
-0.1; -0.8; -0.126298; 0.00448662
-0.1; -0.7; -0.128902; 0.00365311
-0.1; -0.6; -0.124833; 0.00332015
-0.1; -0.5; -0.11503; 0.00303582
-0.1; -0.4; -0.100715; 0.00255022
-0.1; -0.3; -0.0834196; 0.00184743
-0.1; -0.2; -0.065005; 0.00109201
-0.1; -0.1; -0.0476681; 0.000519308
-0.1; 6.38378e-16; -0.0339124; 0.000316352
-0.1; 0.1; -0.0264757; 0.000541043
-0.1; 0.2; -0.0282036; 0.00111118
-0.1; 0.3; -0.0418684; 0.0018673
-0.1; 0.4; -0.069937; 0.00268321
-0.1; 0.5; -0.114304; 0.00357756
-0.1; 0.6; -0.176016; 0.00477635
-0.1; 0.7; -0.255007; 0.0066933
-0.1; 0.8; -0.349891; 0.0098259
-0.1; 0.9; -0.457839; 0.0145985
-0.1; 1; -0.574557; 0.0212066
-0.1; 1.1; -0.694408; 0.0295182
-0.1; 1.2; -0.810657; 0.039069
-0.1; 1.3; -0.915849; 0.0491535
-0.1; 1.4; -1.00229; 0.0589805
-0.1; 1.5; -1.06259; 0.0678375
-0.1; 1.6; -1.09025; 0.0752136
-0.1; 1.7; -1.08016; 0.0808472
-0.1; 1.8; -1.02909; 0.0847013
-0.1; 1.9; -0.935987; 0.0868999
6.38378e-16; -2; 0.399658; 0.0402124
6.38378e-16; -1.9; 0.338572; 0.0413744
6.38378e-16; -1.8; 0.276146; 0.0436837
6.38378e-16; -1.7; 0.214208; 0.0450721
6.38378e-16; -1.6; 0.154567; 0.0442565
6.38378e-16; -1.5; 0.0989166; 0.0408289
6.38378e-16; -1.4; 0.0487483; 0.0351595
6.38378e-16; -1.3; 0.00529075; 0.0281502
6.38378e-16; -1.2; -0.0305353; 0.0209125
6.38378e-16; -1.1; -0.0581376; 0.0144542
6.38378e-16; -1; -0.0772543; 0.00944748
6.38378e-16; -0.9; -0.0879419; 0.00612368
6.38378e-16; -0.8; -0.0905565; 0.00430229
6.38378e-16; -0.7; -0.0857369; 0.00352519
6.38378e-16; -0.6; -0.0743933; 0.00324373
6.38378e-16; -0.5; -0.057708; 0.00299739
6.38378e-16; -0.4; -0.0371438; 0.0025328
6.38378e-16; -0.3; -0.0144592; 0.00183482
6.38378e-16; -0.2; 0.00828258; 0.00107174
6.38378e-16; -0.1; 0.0287201; 0.000484388
6.38378e-16; 6.38378e-16; 0.044231; 0.000265896
6.38378e-16; 0.1; 0.0520103; 0.000479708
6.38378e-16; 0.2; 0.0492008; 0.00104745
6.38378e-16; 0.3; 0.0330739; 0.00181041
6.38378e-16; 0.4; 0.00125913; 0.00263857
6.38378e-16; 0.5; -0.0479957; 0.00354079
6.38378e-16; 0.6; -0.115554; 0.00472647
6.38378e-16; 0.7; -0.201139; 0.00658621
6.38378e-16; 0.8; -0.303136; 0.00958964
6.38378e-16; 0.9; -0.418477; 0.014132
6.38378e-16; 1; -0.542636; 0.0203833
6.38378e-16; 1.1; -0.669752; 0.0281951
6.38378e-16; 1.2; -0.79289; 0.0371006
6.38378e-16; 1.3; -0.904423; 0.046409
6.38378e-16; 1.4; -0.996518; 0.0553604
6.38378e-16; 1.5; -1.06169; 0.0632882
6.38378e-16; 1.6; -1.09335; 0.0697348
6.38378e-16; 1.7; -1.08639; 0.0744926
6.38378e-16; 1.8; -1.03756; 0.0775709
6.38378e-16; 1.9; -0.945866; 0.0791261
0.1; -2; 0.387906; 0.0442907
0.1; -1.9; 0.327126; 0.0448789
0.1; -1.8; 0.265525; 0.04656
0.1; -1.7; 0.205027; 0.047311
0.1; -1.6; 0.147521; 0.045891
0.1; -1.5; 0.0947645; 0.041927
0.1; -1.4; 0.0482918; 0.0358131
0.1; -1.3; 0.00934147; 0.0284628
0.1; -1.2; -0.0211907; 0.0209874
0.1; -1.1; -0.0427768; 0.0143844
0.1; -1; -0.0552602; 0.00930903
0.1; -0.9; -0.0588427; 0.00597227
0.1; -0.8; -0.0540621; 0.00417315
0.1; -0.7; -0.0417689; 0.00343557
0.1; -0.6; -0.0231064; 0.00319681
0.1; -0.5; 0.000499708; 0.00298692
0.1; -0.4; 0.0273444; 0.00254744
0.1; -0.3; 0.0554412; 0.00186192
0.1; -0.2; 0.0825251; 0.00110033
0.1; -0.1; 0.10607; 0.000507333
0.1; 6.38378e-16; 0.123335; 0.000281212
0.1; 0.1; 0.131449; 0.000490971
0.1; 0.2; 0.127544; 0.00106294
0.1; 0.3; 0.108937; 0.00184062
0.1; 0.4; 0.0733557; 0.00269183
0.1; 0.5; 0.0191928; 0.00361702
0.1; 0.6; -0.0542314; 0.0048098
0.1; 0.7; -0.146428; 0.00663755
0.1; 0.8; -0.255551; 0.00954117
0.1; 0.9; -0.378296; 0.0138853
0.1; 1; -0.509901; 0.0198128
0.1; 1.1; -0.644285; 0.0271571
0.1; 1.2; -0.774316; 0.0354476
0.1; 1.3; -0.892195; 0.0440073
0.1; 1.4; -0.989952; 0.0521076
0.1; 1.5; -1.06; 0.0591277
0.1; 1.6; -1.0957; 0.064664
0.1; 1.7; -1.09189; 0.0685633
0.1; 1.8; -1.04536; 0.0708818
0.1; 1.9; -0.955132; 0.0718089
0.2; -2; 0.376259; 0.0488931
0.2; -1.9; 0.315827; 0.0488785
0.2; -1.8; 0.255099; 0.0498963
0.2; -1.7; 0.19609; 0.0499703
0.2; -1.6; 0.14077; 0.0479032
0.2; -1.5; 0.0909615; 0.0433579
0.2; -1.4; 0.0482386; 0.0367534
0.2; -1.3; 0.01385; 0.029016
0.2; -1.2; -0.0113342; 0.0212578
0.2; -1.1; -0.0268511; 0.0144675
0.2; -1; -0.0326503; 0.00928507
0.2; -0.9; -0.0290793; 0.00590269
0.2; -0.8; -0.0168588; 0.00410035
0.2; -0.7; 0.00294837; 0.00338473
0.2; -0.6; 0.028965; 0.0031791
0.2; -0.5; 0.0595213; 0.0030032
0.2; -0.4; 0.0926694; 0.00259194
0.2; -0.3; 0.126195; 0.00192557
0.2; -0.2; 0.15763; 0.00117372
0.2; -0.1; 0.184284; 0.000583259
0.2; 6.38378e-16; 0.2033; 0.000356758
0.2; 0.1; 0.21174; 0.000568809
0.2; 0.2; 0.206727; 0.00115133
0.2; 0.3; 0.185625; 0.0019515
0.2; 0.4; 0.146262; 0.00283662
0.2; 0.5; 0.0871765; 0.00380013
0.2; 0.6; 0.0078742; 0.00502058
0.2; 0.7; -0.0909424; 0.00684213
0.2; 0.8; -0.207196; 0.00967609
0.2; 0.9; -0.337344; 0.0138552
0.2; 1; -0.476392; 0.0194931
0.2; 1.1; -0.61804; 0.0264038
0.2; 1.2; -0.754958; 0.0341116
0.2; 1.3; -0.879179; 0.0419522
0.2; 1.4; -0.9826; 0.0492283
0.2; 1.5; -1.05753; 0.0553647
0.2; 1.6; -1.09728; 0.0600125
0.2; 1.7; -1.09666; 0.063073
0.2; 1.8; -1.05247; 0.0646499
0.2; 1.9; -0.963772; 0.064966
0.3; -2; 0.364734; 0.054008
0.3; -1.9; 0.304693; 0.0533635
0.3; -1.8; 0.244884; 0.053685
0.3; -1.7; 0.187411; 0.0530444
0.3; -1.6; 0.134326; 0.0502893
0.3; -1.5; 0.0875149; 0.0451196
0.3; -1.4; 0.0485912; 0.0379802
0.3; -1.3; 0.0188131; 0.0298107
0.3; -1.2; -0.000975838; 0.0217255
0.3; -1.1; -0.0103785; 0.014706
0.3; -1; -0.00945086; 0.00937822
0.3; -0.9; 0.0013125; 0.0059175
0.3; -0.8; 0.0210081; 0.00408609
0.3; -0.7; 0.04836; 0.00337429
0.3; -0.6; 0.0817565; 0.00319142
0.3; -0.5; 0.119283; 0.00304613
0.3; -0.4; 0.158749; 0.0026652
0.3; -0.3; 0.197712; 0.00202366
0.3; -0.2; 0.233502; 0.00128884
0.3; -0.1; 0.263265; 0.00070826
0.3; 6.38378e-16; 0.284025; 0.000487952
0.3; 0.1; 0.292781; 0.000708155
0.3; 0.2; 0.286649; 0.00130726
0.3; 0.3; 0.263041; 0.00213758
0.3; 0.4; 0.219886; 0.00306753
0.3; 0.5; 0.155869; 0.00408491
0.3; 0.6; 0.0706843; 0.00535394
0.3; 0.7; -0.0347523; 0.00719555
0.3; 0.8; -0.158132; 0.00999067
0.3; 0.9; -0.295674; 0.0140386
0.3; 1; -0.442153; 0.0194225
0.3; 1.1; -0.591049; 0.025935
0.3; 1.2; -0.734839; 0.033094
0.3; 1.3; -0.865391; 0.0402474
0.3; 1.4; -0.974469; 0.0467284
0.3; 1.5; -1.05429; 0.0520078
0.3; 1.6; -1.0981; 0.055791
0.3; 1.7; -1.1007; 0.0580347
0.3; 1.8; -1.05889; 0.0588902
0.3; 1.9; -0.971774; 0.0586141
0.4; -2; 0.353347; 0.059623
0.4; -1.9; 0.29374; 0.0583235
0.4; -1.8; 0.234893; 0.0579176
0.4; -1.7; 0.179002; 0.056527
0.4; -1.6; 0.128199; 0.0530453
0.4; -1.5; 0.0844312; 0.0472102
0.4; -1.4; 0.0493515; 0.0394931
0.4; -1.3; 0.0242267; 0.0308481
0.4; -1.2; 0.00987334; 0.0223928
0.4; -1.1; 0.00662229; 0.0151028
0.4; -1; 0.0143103; 0.00959193
0.4; -0.9; 0.0322959; 0.00602022
0.4; -0.8; 0.059492; 0.00413364
0.4; -0.7; 0.0944093; 0.00340699
0.4; -0.6; 0.135202; 0.00323573
0.4; -0.5; 0.17971; 0.00311672
0.4; -0.4; 0.225501; 0.0027672
0.4; -0.3; 0.269902; 0.00215512
0.4; -0.2; 0.310045; 0.00144364
0.4; -0.1; 0.34291; 0.000879427
0.4; 6.38378e-16; 0.365406; 0.000671209
0.4; 0.1; 0.37447; 0.000904945
0.4; 0.2; 0.367209; 0.00152638
0.4; 0.3; 0.341086; 0.00239442
0.4; 0.4; 0.294132; 0.00338016
0.4; 0.5; 0.225183; 0.0044671
0.4; 0.6; 0.134118; 0.00580592
0.4; 0.7; 0.0220703; 0.00769423
0.4; 0.8; -0.108421; 0.0104818
0.4; 0.9; -0.253339; 0.0144333
0.4; 1; -0.407225; 0.0195996
0.4; 1.1; -0.563346; 0.0257505
0.4; 1.2; -0.713984; 0.0323964
0.4; 1.3; -0.850847; 0.0388963
0.4; 1.4; -0.96557; 0.0446136
0.4; 1.5; -1.05028; 0.0490646
0.4; 1.6; -1.09816; 0.0520098
0.4; 1.7; -1.104; 0.0534609
0.4; 1.8; -1.0646; 0.0536172
0.4; 1.9; -0.979126; 0.0527692
0.5; -2; 0.342115; 0.0657248
0.5; -1.9; 0.282983; 0.063747
0.5; -1.8; 0.225142; 0.062585
0.5; -1.7; 0.170877; 0.0604114
0.5; -1.6; 0.122399; 0.0561668
0.5; -1.5; 0.0817163; 0.0496273
0.5; -1.4; 0.0505204; 0.0412917
0.5; -1.3; 0.0300857; 0.0321295
0.5; -1.2; 0.0212012; 0.0232625
0.5; -1.1; 0.0241311; 0.0156616
0.5; -1; 0.0386045; 0.00993044
0.5; -0.9; 0.0638325; 0.00621528
0.5; -0.8; 0.0985447; 0.00424727
0.5; -0.7; 0.141038; 0.00348661
0.5; -0.6; 0.189233; 0.00331508
0.5; -0.5; 0.240725; 0.00321711
0.5; -0.4; 0.292838; 0.00289902
0.5; -0.3; 0.342673; 0.00231995
0.5; -0.2; 0.38716; 0.0016371
0.5; -0.1; 0.423118; 0.00109488
0.5; 6.38378e-16; 0.44734; 0.000903967
0.5; 0.1; 0.4567; 0.00115615
0.5; 0.2; 0.448302; 0.0018054
0.5; 0.3; 0.419659; 0.00271862
0.5; 0.4; 0.368906; 0.00377114
0.5; 0.5; 0.295029; 0.00494347
0.5; 0.6; 0.198095; 0.00637345
0.5; 0.7; 0.0794525; 0.0083354
0.5; 0.8; -0.0581279; 0.0111472
0.5; 0.9; -0.210392; 0.0150374
0.5; 1; -0.371654; 0.0200235
0.5; 1.1; -0.534966; 0.0258506
0.5; 1.2; -0.69242; 0.0320204
0.5; 1.3; -0.835565; 0.0379022
0.5; 1.4; -0.955912; 0.042889
0.5; 1.5; -1.0455; 0.0465427
0.5; 1.6; -1.09746; 0.0486783
0.5; 1.7; -1.10655; 0.0493631
0.5; 1.8; -1.06961; 0.0488442
0.5; 1.9; -0.98582; 0.0474462
0.6; -2; 0.331052; 0.072299
0.6; -1.9; 0.272437; 0.0696219
0.6; -1.8; 0.215645; 0.0676774
0.6; -1.7; 0.163048; 0.0646903
0.6; -1.6; 0.116934; 0.0596489
0.6; -1.5; 0.0793752; 0.0523686
0.6; -1.4; 0.0520979; 0.043376
0.6; -1.3; 0.0363841; 0.0336567
0.6; -1.2; 0.0329948; 0.0243376
0.6; -1.1; 0.0421267; 0.0163867
0.6; -1; 0.0634015; 0.0103988
0.6; -0.9; 0.0958829; 0.00650801
0.6; -0.8; 0.138117; 0.00443225
0.6; -0.7; 0.188188; 0.00361801
0.6; -0.6; 0.243781; 0.00343362
0.6; -0.5; 0.30225; 0.00335048
0.6; -0.4; 0.360675; 0.00306279
0.6; -0.3; 0.415931; 0.00251921
0.6; -0.2; 0.464748; 0.00186926
0.6; -0.1; 0.503785; 0.00135379
0.6; 6.38378e-16; 0.529719; 0.00118471
0.6; 0.1; 0.539365; 0.00145979
0.6; 0.2; 0.529823; 0.00214209
0.6; 0.3; 0.498658; 0.00310785
0.6; 0.4; 0.444109; 0.00423818
0.6; 0.5; 0.365315; 0.0055118
0.6; 0.6; 0.262531; 0.00705445
0.6; 0.7; 0.13732; 0.00911713
0.6; 0.8; -0.00731678; 0.0119851
0.6; 0.9; -0.16689; 0.0158498
0.6; 1; -0.335485; 0.0206934
0.6; 1.1; -0.505945; 0.0262355
0.6; 1.2; -0.670174; 0.0319675
0.6; 1.3; -0.819566; 0.0372681
0.6; 1.4; -0.945508; 0.0415596
0.6; 1.5; -1.03995; 0.044449
0.6; 1.6; -1.09598; 0.0458056
0.6; 1.7; -1.10835; 0.0457522
0.6; 1.8; -1.07389; 0.0445838
0.6; 1.9; -0.991845; 0.042659
0.7; -2; 0.320174; 0.0793306
0.7; -1.9; 0.262117; 0.0759352
0.7; -1.8; 0.206414; 0.0731845
0.7; -1.7; 0.155525; 0.069356
0.7; -1.6; 0.111814; 0.0634866
0.7; -1.5; 0.0774121; 0.0554315
0.7; -1.4; 0.0540832; 0.0457457
0.7; -1.3; 0.043115; 0.0354313
0.7; -1.2; 0.0452398; 0.0256217
0.7; -1.1; 0.060587; 0.0172829
0.7; -1; 0.0886703; 0.0110026
0.7; -0.9; 0.128406; 0.00690458
0.7; -0.8; 0.178158; 0.00469478
0.7; -0.7; 0.235797; 0.00380704
0.7; -0.6; 0.298776; 0.00359652
0.7; -0.5; 0.364204; 0.00352112
0.7; -0.4; 0.428923; 0.00326174
0.7; -0.3; 0.489581; 0.00275501
0.7; -0.2; 0.542708; 0.00214122
0.7; -0.1; 0.584805; 0.00165636
0.7; 6.38378e-16; 0.612437; 0.001513
0.7; 0.1; 0.622358; 0.00181497
0.7; 0.2; 0.611666; 0.00253531
0.7; 0.3; 0.57798; 0.0035609
0.7; 0.4; 0.519645; 0.00478003
0.7; 0.5; 0.435951; 0.00617092
0.7; 0.6; 0.327342; 0.00784781
0.7; 0.7; 0.195596; 0.0100384
0.7; 0.8; 0.0439458; 0.0129947
0.7; 0.9; -0.122889; 0.0168698
0.7; 1; -0.298766; 0.0216093
0.7; 1.1; -0.476321; 0.0269056
0.7; 1.2; -0.647276; 0.0322391
0.7; 1.3; -0.802868; 0.036997
0.7; 1.4; -0.93437; 0.0406299
0.7; 1.5; -1.03365; 0.0427897
0.7; 1.6; -1.09375; 0.0433998
0.7; 1.7; -1.10939; 0.0426381
0.7; 1.8; -1.07745; 0.0408475
0.7; 1.9; -0.997193; 0.0384205
0.8; -2; 0.309496; 0.0868035
0.8; -1.9; 0.252037; 0.0826733
0.8; -1.8; 0.197463; 0.0790951
0.8; -1.7; 0.148319; 0.0744002
0.8; -1.6; 0.107045; 0.0676745
0.8; -1.5; 0.0758307; 0.0588133
0.8; -1.4; 0.0564747; 0.0484005
0.8; -1.3; 0.0502706; 0.0374555
0.8; -1.2; 0.0579214; 0.0271187
0.8; -1.1; 0.0794888; 0.0183557
0.8; -1; 0.114379; 0.0117484
0.8; -0.9; 0.161361; 0.00741195
0.8; -0.8; 0.218616; 0.00504196
0.8; -0.7; 0.283805; 0.00406053
0.8; -0.6; 0.354146; 0.00380998
0.8; -0.5; 0.426508; 0.00373432
0.8; -0.4; 0.497493; 0.00350011
0.8; -0.3; 0.563525; 0.00303052
0.8; -0.2; 0.620938; 0.00245511
0.8; -0.1; 0.666073; 0.00200387
0.8; 6.38378e-16; 0.695384; 0.00188944
0.8; 0.1; 0.705569; 0.00222189
0.8; 0.2; 0.693723; 0.00298501
0.8; 0.3; 0.65752; 0.00407763
0.8; 0.4; 0.595413; 0.00539659
0.8; 0.5; 0.506843; 0.00692069
0.8; 0.6; 0.392443; 0.00875336
0.8; 0.7; 0.254206; 0.0110989
0.8; 0.8; 0.0955926; 0.0141756
0.8; 0.9; -0.0784455; 0.0180971
0.8; 1; -0.261545; 0.0227711
0.8; 1.1; -0.446133; 0.0278618
0.8; 1.2; -0.623753; 0.0328369
0.8; 1.3; -0.785495; 0.0370916
0.8; 1.4; -0.922514; 0.0401041
0.8; 1.5; -1.0266; 0.0415706
0.8; 1.6; -1.09075; 0.0414683
0.8; 1.7; -1.10968; 0.0400299
0.8; 1.8; -1.08028; 0.0376457
0.8; 1.9; -1.00186; 0.0347423
0.9; -2; 0.299032; 0.0947011
0.9; -1.9; 0.242211; 0.089822
0.9; -1.8; 0.188804; 0.0853979
0.9; -1.7; 0.14144; 0.0798142
0.9; -1.6; 0.102635; 0.0722068
0.9; -1.5; 0.0746336; 0.0625112
0.9; -1.4; 0.0592699; 0.0513403
0.9; -1.3; 0.0578421; 0.0397314
0.9; -1.2; 0.0710235; 0.0288327
0.9; -1.1; 0.0988078; 0.0196107
0.9; -1; 0.140494; 0.012643
0.9; -0.9; 0.194705; 0.00803782
0.9; -0.8; 0.259439; 0.00548172
0.9; -0.7; 0.332148; 0.00438622
0.9; -0.6; 0.409819; 0.00408118
0.9; -0.5; 0.48908; 0.00399639
0.9; -0.4; 0.566296; 0.00378318
0.9; -0.3; 0.637668; 0.00334992
0.9; -0.2; 0.699336; 0.00281411
0.9; -0.1; 0.747482; 0.00239864
0.9; 6.38378e-16; 0.778452; 0.00231572
0.9; 0.1; 0.788889; 0.00268182
0.9; 0.2; 0.775887; 0.00349228
0.9; 0.3; 0.737175; 0.00465903
0.9; 0.4; 0.671314; 0.0060888
0.9; 0.5; 0.577898; 0.00776203
0.9; 0.6; 0.457749; 0.00977192
0.9; 0.7; 0.313073; 0.0122995
0.9; 0.8; 0.147556; 0.0155285
0.9; 0.9; -0.0336192; 0.0195322
0.9; 1; -0.223869; 0.0241794
0.9; 1.1; -0.41542; 0.0291046
0.9; 1.2; -0.599638; 0.0337624
0.9; 1.3; -0.767467; 0.0375542
0.9; 1.4; -0.909954; 0.0399859
0.9; 1.5; -1.01881; 0.0407968
0.9; 1.6; -1.08699; 0.0400177
0.9; 1.7; -1.10922; 0.0379356
0.9; 1.8; -1.08237; 0.0349879
0.9; 1.9; -1.00583; 0.0316347
1; -2; 0.288797; 0.103006
1; -1.9; 0.232652; 0.0973664
1; -1.8; 0.180449; 0.0920805
1; -1.7; 0.134899; 0.085589
1; -1.6; 0.0985891; 0.0770775
1; -1.5; 0.0738227; 0.066522
1; -1.4; 0.0624655; 0.0545648
1; -1.3; 0.0658199; 0.0422612
1; -1.2; 0.0845292; 0.0307683
1; -1.1; 0.118519; 0.0210543
1; -1; 0.166981; 0.0136941
1; -0.9; 0.228393; 0.00879057
1; -0.8; 0.300573; 0.00602278
1; -0.7; 0.380763; 0.0047927
1; -0.6; 0.465721; 0.00441817
1; -0.5; 0.551838; 0.00431459
1; -0.4; 0.635241; 0.00411718
1; -0.3; 0.711912; 0.00371839
1; -0.2; 0.777797; 0.00322239
1; -0.1; 0.828924; 0.00284403
1; 6.38378e-16; 0.861532; 0.00279459
1; 0.1; 0.872208; 0.00319714
1; 0.2; 0.858048; 0.00405929
1; 0.3; 0.816839; 0.00530721
1; 0.4; 0.747248; 0.00685871
1; 0.5; 0.649023; 0.00869689
1; 0.6; 0.523173; 0.0109053
1; 0.7; 0.372117; 0.0136415
1; 0.8; 0.199767; 0.0170545
1; 0.9; 0.0115311; 0.0211761
1; 1; -0.18579; 0.0258351
1; 1.1; -0.384222; 0.0306353
1; 1.2; -0.574961; 0.0350168
1; 1.3; -0.74881; 0.0383872
1; 1.4; -0.896706; 0.0402783
1; 1.5; -1.01029; 0.0404729
1; 1.6; -1.08249; 0.039054
1; 1.7; -1.10799; 0.0363624
1; 1.8; -1.08373; 0.0328824
1; 1.9; -1.00911; 0.0291071
1.1; -2; 0.278803; 0.111701
1.1; -1.9; 0.223373; 0.105291
1.1; -1.8; 0.172408; 0.0991306
1.1; -1.7; 0.128702; 0.0917151
1.1; -1.6; 0.0949132; 0.0822801
1.1; -1.5; 0.073399; 0.0708425
1.1; -1.4; 0.0660572; 0.0580737
1.1; -1.3; 0.0741936; 0.0450474
1.1; -1.2; 0.0984208; 0.0329301
1.1; -1.1; 0.138597; 0.0226929
1.1; -1; 0.193806; 0.0149096
1.1; -0.9; 0.262382; 0.00967916
1.1; -0.8; 0.341965; 0.00667457
1.1; -0.7; 0.429586; 0.00528935
1.1; -0.6; 0.52178; 0.0048299
1.1; -0.5; 0.614699; 0.00469706
1.1; -0.4; 0.704237; 0.0045093
1.1; -0.3; 0.786159; 0.00414209
1.1; -0.2; 0.856218; 0.00368515
1.1; -0.1; 0.910293; 0.0033444
1.1; 6.38378e-16; 0.944514; 0.00332985
1.1; 0.1; 0.955416; 0.00377127
1.1; 0.2; 0.940099; 0.00468928
1.1; 0.3; 0.896406; 0.00602534
1.1; 0.4; 0.823114; 0.00770943
1.1; 0.5; 0.720123; 0.00972823
1.1; 0.6; 0.58863; 0.0121561
1.1; 0.7; 0.431262; 0.0151273
1.1; 0.8; 0.252157; 0.0187554
1.1; 0.9; 0.0569459; 0.0230301
1.1; 1; -0.147356; 0.0277392
1.1; 1.1; -0.352582; 0.0324547
1.1; 1.2; -0.549756; 0.0366015
1.1; 1.3; -0.729547; 0.0395922
1.1; 1.4; -0.882788; 0.0409843
1.1; 1.5; -1.00106; 0.0406026
1.1; 1.6; -1.07723; 0.0385821
1.1; 1.7; -1.10601; 0.0353165
1.1; 1.8; -1.08435; 0.0313362
1.1; 1.9; -1.01168; 0.0271673
1.2; -2; 0.269063; 0.120766
1.2; -1.9; 0.214385; 0.11358
1.2; -1.8; 0.164692; 0.106535
1.2; -1.7; 0.122858; 0.0981825
1.2; -1.6; 0.0916119; 0.0878082
1.2; -1.5; 0.0733629; 0.0754692
1.2; -1.4; 0.0700402; 0.0618665
1.2; -1.3; 0.0829519; 0.0480922
1.2; -1.2; 0.11268; 0.0353229
1.2; -1.1; 0.159014; 0.0245335
1.2; -1; 0.220933; 0.0162981
1.2; -0.9; 0.296627; 0.0107131
1.2; -0.8; 0.383558; 0.00744714
1.2; -0.7; 0.478553; 0.00588629
1.2; -0.6; 0.577921; 0.00532609
1.2; -0.5; 0.677579; 0.00515281
1.2; -0.4; 0.773193; 0.00496762
1.2; -0.3; 0.86031; 0.00462807
1.2; -0.2; 0.934496; 0.00420851
1.2; -0.1; 0.991479; 0.00390514
1.2; 6.38378e-16; 1.02729; 0.0039263
1.2; 0.1; 1.0384; 0.00440869
1.2; 0.2; 1.02193; 0.00538658
1.2; 0.3; 0.975771; 0.00681764
1.2; 0.4; 0.898812; 0.00864509
1.2; 0.5; 0.791105; 0.01086
1.2; 0.6; 0.654031; 0.013528
1.2; 0.7; 0.490429; 0.0167601
1.2; 0.8; 0.304656; 0.0206338
1.2; 0.9; 0.102565; 0.0250963
1.2; 1; -0.108619; 0.0298933
1.2; 1.1; -0.320539; 0.0345642
1.2; 1.2; -0.524056; 0.0385178
1.2; 1.3; -0.709703; 0.041171
1.2; 1.4; -0.868219; 0.0421061
1.2; 1.5; -0.991113; 0.0411891
1.2; 1.6; -1.07123; 0.038606
1.2; 1.7; -1.10328; 0.0348029
1.2; 1.8; -1.08422; 0.0303553
1.2; 1.9; -1.01355; 0.0258219
1.3; -2; 0.259591; 0.130184
1.3; -1.9; 0.205699; 0.122217
1.3; -1.8; 0.15731; 0.11428
1.3; -1.7; 0.117375; 0.104981
1.3; -1.6; 0.0886887; 0.0936546
1.3; -1.5; 0.0737138; 0.0803984
1.3; -1.4; 0.0744085; 0.0659426
1.3; -1.3; 0.0920827; 0.051398
1.3; -1.2; 0.127287; 0.0379516
1.3; -1.1; 0.179743; 0.0265832
1.3; -1; 0.248326; 0.0178682
1.3; -0.9; 0.331083; 0.0119024
1.3; -0.8; 0.425299; 0.00835111
1.3; -0.7; 0.527599; 0.00659427
1.3; -0.6; 0.634069; 0.00591717
1.3; -0.5; 0.740396; 0.00569161
1.3; -0.4; 0.842017; 0.00550102
1.3; -0.3; 0.934267; 0.00518429
1.3; -0.2; 1.01253; 0.00479953
1.3; -0.1; 1.07238; 0.00453255
1.3; 6.38378e-16; 1.10974; 0.00458976
1.3; 0.1; 1.12106; 0.00511492
1.3; 0.2; 1.10343; 0.00615653
1.3; 0.3; 1.05483; 0.00768941
1.3; 0.4; 0.974242; 0.00967086
1.3; 0.5; 0.861873; 0.0120971
1.3; 0.6; 0.71929; 0.0150255
1.3; 0.7; 0.54954; 0.0185436
1.3; 0.8; 0.357195; 0.0226929
1.3; 0.9; 0.148328; 0.027377
1.3; 1; -0.069631; 0.032299
1.3; 1.1; -0.288138; 0.036965
1.3; 1.2; -0.497894; 0.0407668
1.3; 1.3; -0.689306; 0.0431248
1.3; 1.4; -0.853017; 0.0436452
1.3; 1.5; -0.980476; 0.0422347
1.3; 1.6; -1.06451; 0.039129
1.3; 1.7; -1.0998; 0.0348256
1.3; 1.8; -1.08336; 0.0299444
1.3; 1.9; -1.01471; 0.0250761
1.4; -2; 0.250397; 0.139934
1.4; -1.9; 0.197327; 0.131185
1.4; -1.8; 0.150272; 0.122353
1.4; -1.7; 0.112258; 0.1121
1.4; -1.6; 0.0861466; 0.0998121
1.4; -1.5; 0.0744503; 0.0856263
1.4; -1.4; 0.0791556; 0.0703014
1.4; -1.3; 0.101573; 0.0549671
1.4; -1.2; 0.142222; 0.0408212
1.4; -1.1; 0.200757; 0.0288492
1.4; -1; 0.275948; 0.0196291
1.4; -0.9; 0.365702; 0.0132573
1.4; -0.8; 0.467131; 0.00939758
1.4; -0.7; 0.576658; 0.00742462
1.4; -0.6; 0.690149; 0.00661424
1.4; -0.5; 0.803066; 0.00632396
1.4; -0.4; 0.910619; 0.00611919
1.4; -0.3; 1.00793; 0.00581953
1.4; -0.2; 1.09021; 0.00546613
1.4; -0.1; 1.15288; 0.00523388
1.4; 6.38378e-16; 1.19177; 0.00532696
1.4; 0.1; 1.20327; 0.00589641
1.4; 0.2; 1.1845; 0.00700549
1.4; 0.3; 1.13348; 0.00864688
1.4; 0.4; 1.0493; 0.0107928
1.4; 0.5; 0.932335; 0.0134454
1.4; 0.6; 0.784322; 0.0166538
1.4; 0.7; 0.608516; 0.0204825
1.4; 0.8; 0.409705; 0.0249364
1.4; 0.9; 0.194174; 0.0298751
1.4; 1; -0.0304426; 0.0349584
1.4; 1.1; -0.25542; 0.0396584
1.4; 1.2; -0.471305; 0.0433493
1.4; 1.3; -0.668381; 0.0454544
1.4; 1.4; -0.837202; 0.045603
1.4; 1.5; -0.969161; 0.043741
1.4; 1.6; -1.05705; 0.0401533
1.4; 1.7; -1.09558; 0.0353873
1.4; 1.8; -1.08176; 0.0301068
1.4; 1.9; -1.01517; 0.0249335
1.5; -2; 0.241492; 0.149997
1.5; -1.9; 0.189278; 0.140467
1.5; -1.8; 0.143585; 0.130738
1.5; -1.7; 0.107513; 0.119529
1.5; -1.6; 0.0839879; 0.106273
1.5; -1.5; 0.0755704; 0.0911485
1.5; -1.4; 0.084274; 0.0749419
1.5; -1.3; 0.111409; 0.0588017
1.5; -1.2; 0.157464; 0.0439366
1.5; -1.1; 0.222026; 0.0313388
1.5; -1; 0.303762; 0.02159
1.5; -0.9; 0.400439; 0.0147886
1.5; -0.8; 0.508998; 0.010598
1.5; -0.7; 0.625664; 0.00838914
1.5; -0.6; 0.746089; 0.00742896
1.5; -0.5; 0.865506; 0.00706101
1.5; -0.4; 0.978907; 0.0068325
1.5; -0.3; 1.08121; 0.00654332
1.5; -0.2; 1.16744; 0.00621706
1.5; -0.1; 1.23288; 0.00601722
1.5; 6.38378e-16; 1.27326; 0.00614559
1.5; 0.1; 1.28494; 0.00676058
1.5; 0.2; 1.26503; 0.00794073
1.5; 0.3; 1.21161; 0.00969725
1.5; 0.4; 1.1239; 0.012018
1.5; 0.5; 1.0024; 0.0149114
1.5; 0.6; 0.849041; 0.018419
1.5; 0.7; 0.667279; 0.022582
1.5; 0.8; 0.462115; 0.0273684
1.5; 0.9; 0.240043; 0.0325936
1.5; 1; 0.00889401; 0.0378735
1.5; 1.1; -0.22243; 0.0426458
1.5; 1.2; -0.444325; 0.0462663
1.5; 1.3; -0.646958; 0.0481604
1.5; 1.4; -0.820796; 0.0479798
1.5; 1.5; -0.957181; 0.0457088
1.5; 1.6; -1.04889; 0.0416801
1.5; 1.7; -1.09062; 0.0364899
1.5; 1.8; -1.07942; 0.0308447
1.5; 1.9; -1.01491; 0.0253966
1.6; -2; 0.232887; 0.160353
1.6; -1.9; 0.181561; 0.150046
1.6; -1.8; 0.137257; 0.139422
1.6; -1.7; 0.103145; 0.127256
1.6; -1.6; 0.0822139; 0.11303
1.6; -1.5; 0.077071; 0.0969608
1.6; -1.4; 0.0897555; 0.0798631
1.6; -1.3; 0.121577; 0.0629037
1.6; -1.2; 0.172992; 0.0473028
1.6; -1.1; 0.243521; 0.0340593
1.6; -1; 0.331729; 0.0237602
1.6; -0.9; 0.435246; 0.0165071
1.6; -0.8; 0.550845; 0.0119643
1.6; -0.7; 0.674554; 0.00950005
1.6; -0.6; 0.801812; 0.00837346
1.6; -0.5; 0.927634; 0.00791444
1.6; -0.4; 1.04679; 0.00765198
1.6; -0.3; 1.154; 0.0073659
1.6; -0.2; 1.24411; 0.00706183
1.6; -0.1; 1.31227; 0.00689149
1.6; 6.38378e-16; 1.35411; 0.00705413
1.6; 0.1; 1.36595; 0.00771572
1.6; 0.2; 1.3449; 0.00897044
1.6; 0.3; 1.28912; 0.0108486
1.6; 0.4; 1.19793; 0.0133543
1.6; 0.5; 1.07197; 0.0165027
1.6; 0.6; 0.91336; 0.020328
1.6; 0.7; 0.725753; 0.0248479
1.6; 0.8; 0.514357; 0.0299937
1.6; 0.9; 0.285874; 0.035536
1.6; 1; 0.0483268; 0.0410467
1.6; 1.1; -0.18921; 0.0459283
1.6; 1.2; -0.41699; 0.0495181
1.6; 1.3; -0.625064; 0.0512429
1.6; 1.4; -0.803821; 0.0507758
1.6; 1.5; -0.944553; 0.0481383
1.6; 1.6; -1.04002; 0.0437097
1.6; 1.7; -1.08493; 0.0381339
1.6; 1.8; -1.07635; 0.0321589
1.6; 1.9; -1.01395; 0.0264663
1.7; -2; 0.224592; 0.170981
1.7; -1.9; 0.174186; 0.159904
1.7; -1.8; 0.131294; 0.14839
1.7; -1.7; 0.0991578; 0.13527
1.7; -1.6; 0.0808252; 0.120075
1.7; -1.5; 0.0789484; 0.103058
1.7; -1.4; 0.0955911; 0.0850637
1.7; -1.3; 0.132062; 0.0672751
1.7; -1.2; 0.188783; 0.0509244
1.7; -1.1; 0.265213; 0.0370182
1.7; -1; 0.359813; 0.0261493
1.7; -0.9; 0.470078; 0.0184237
1.7; -0.8; 0.592615; 0.0135084
1.7; -0.7; 0.723261; 0.0107699
1.7; -0.6; 0.857246; 0.00946031
1.7; -0.5; 0.989366; 0.00889646
1.7; -0.4; 1.11418; 0.0085892
1.7; -0.3; 1.22621; 0.00829815
1.7; -0.2; 1.32013; 0.00801064
1.7; -0.1; 1.39095; 0.00786635
1.7; 6.38378e-16; 1.43422; 0.00806191
1.7; 0.1; 1.4462; 0.00877095
1.7; 0.2; 1.42403; 0.0101036
1.7; 0.3; 1.36592; 0.0121098
1.7; 0.4; 1.27129; 0.0148103
1.7; 0.5; 1.14096; 0.0182274
1.7; 0.6; 0.977195; 0.022388
1.7; 0.7; 0.783859; 0.0272866
1.7; 0.8; 0.566363; 0.0328174
1.7; 0.9; 0.331607; 0.0387062
1.7; 1; 0.0878038; 0.0444803
1.7; 1.1; -0.155805; 0.0495073
1.7; 1.2; -0.389334; 0.0531051
1.7; 1.3; -0.602728; 0.0547015
1.7; 1.4; -0.786298; 0.0539901
1.7; 1.5; -0.931294; 0.0510286
1.7; 1.6; -1.03046; 0.0462414
1.7; 1.7; -1.07851; 0.0403187
1.7; 1.8; -1.07255; 0.0340488
1.7; 1.9; -1.01228; 0.0281419
1.8; -2; 0.216616; 0.181862
1.8; -1.9; 0.167159; 0.170022
1.8; -1.8; 0.125702; 0.157627
1.8; -1.7; 0.0955547; 0.143559
1.8; -1.6; 0.0798215; 0.127398
1.8; -1.5; 0.0811981; 0.109436
1.8; -1.4; 0.101771; 0.0905419
1.8; -1.3; 0.142847; 0.0719175
1.8; -1.2; 0.204816; 0.0548061
1.8; -1.1; 0.287071; 0.0402226
1.8; -1; 0.387973; 0.0287664
1.8; -0.9; 0.504887; 0.0205495
1.8; -0.8; 0.634252; 0.0152424
1.8; -0.7; 0.771722; 0.0122114
1.8; -0.6; 0.912317; 0.0107024
1.8; -0.5; 1.05062; 0.0100196
1.8; -0.4; 1.18099; 0.00965624
1.8; -0.3; 1.29774; 0.00935149
1.8; -0.2; 1.39539; 0.0090743
1.8; -0.1; 1.46881; 0.00895214
1.8; 6.38378e-16; 1.51346; 0.00917894
1.8; 0.1; 1.52557; 0.00993611
1.8; 0.2; 1.5023; 0.0113501
1.8; 0.3; 1.44189; 0.0134906
1.8; 0.4; 1.3439; 0.0163954
1.8; 0.5; 1.20927; 0.0200943
1.8; 0.6; 1.04046; 0.0246071
1.8; 0.7; 0.841523; 0.029905
1.8; 0.8; 0.618063; 0.035845
1.8; 0.9; 0.377181; 0.042108
1.8; 1; 0.127273; 0.0481769
1.8; 1.1; -0.122259; 0.0533838
1.8; 1.2; -0.361396; 0.0570273
1.8; 1.3; -0.57998; 0.0585354
1.8; 1.4; -0.768252; 0.0576214
1.8; 1.5; -0.917422; 0.054378
1.8; 1.6; -1.02022; 0.0492734
1.8; 1.7; -1.07138; 0.0430425
1.8; 1.8; -1.06802; 0.0365125
1.8; 1.9; -1.0099; 0.0304216
1.9; -2; 0.208967; 0.192975
1.9; -1.9; 0.160488; 0.180384
1.9; -1.8; 0.120487; 0.167117
1.9; -1.7; 0.092338; 0.152111
1.9; -1.6; 0.0792018; 0.134993
1.9; -1.5; 0.0838149; 0.116089
1.9; -1.4; 0.108286; 0.096296
1.9; -1.3; 0.153917; 0.0768321
1.9; -1.2; 0.221067; 0.0589521
1.9; -1.1; 0.309064; 0.0436794
1.9; -1; 0.416173; 0.0316209
1.9; -0.9; 0.539625; 0.0228955
1.9; -0.8; 0.675702; 0.0171786
1.9; -0.7; 0.819871; 0.0138374
1.9; -0.6; 0.966952; 0.0121127
1.9; -0.5; 1.11132; 0.0112969
1.9; -0.4; 1.24713; 0.0108656
1.9; -0.3; 1.36851; 0.0105379
1.9; -0.2; 1.4698; 0.0102642
1.9; -0.1; 1.54576; 0.0101598
1.9; 6.38378e-16; 1.59176; 0.0104159
1.9; 0.1; 1.60398; 0.0112218
1.9; 0.2; 1.5796; 0.0127202
1.9; 0.3; 1.51695; 0.0150011
1.9; 0.4; 1.41566; 0.0181196
1.9; 0.5; 1.27682; 0.0221128
1.9; 0.6; 1.10308; 0.0269937
1.9; 0.7; 0.898669; 0.0327102
1.9; 0.8; 0.66939; 0.0390821
1.9; 0.9; 0.422538; 0.0457456
1.9; 1; 0.166683; 0.0521389
1.9; 1.1; -0.0886158; 0.0575588
1.9; 1.2; -0.333212; 0.0612843
1.9; 1.3; -0.55685; 0.0627433
1.9; 1.4; -0.749706; 0.0616677
1.9; 1.5; -0.902955; 0.0581842
1.9; 1.6; -1.00932; 0.0528029
1.9; 1.7; -1.06354; 0.0463023
1.9; 1.8; -1.06277; 0.0395469
1.9; 1.9; -1.00682; 0.0333017
